0
14
29
47
63
82
99
116
132
146
166
185
206
231
248
270
291
309
330
351
364
381
399
417
434
454
475
494
509
533
553
572
586
0
1
6
7
8
10
11
20
21
22
25
26
27
31
2
4
5
9
10
14
15
16
17
18
20
21
22
24
26
1
2
3
7
8
11
13
14
16
17
19
20
23
24
27
29
30
31
1
2
6
7
8
10
14
15
16
17
18
19
20
27
29
31
0
1
4
5
7
8
11
12
13
14
15
16
17
19
22
24
25
28
30
0
2
4
5
8
12
14
17
18
19
22
24
25
26
28
29
31
2
3
4
5
9
10
11
16
18
19
21
22
23
25
26
29
31
0
1
5
6
8
9
14
15
17
19
24
25
26
27
30
31
1
4
11
12
13
14
15
20
23
24
25
27
29
31
1
2
3
4
5
6
8
11
12
13
18
19
20
21
23
24
25
26
30
31
0
1
3
6
7
9
11
12
13
14
15
17
20
22
23
24
26
27
31
0
1
2
3
4
5
7
11
12
15
18
19
20
21
22
23
24
25
26
28
29
1
2
3
4
5
7
8
10
11
12
13
14
16
17
18
19
21
23
24
25
26
27
28
29
31
1
2
5
6
12
13
15
16
20
21
23
24
26
27
29
30
31
1
3
4
5
7
8
9
10
11
14
16
17
18
19
21
22
25
27
28
29
30
31
0
2
4
6
8
11
12
13
14
15
18
19
21
22
23
25
26
27
28
29
30
1
4
7
8
9
11
12
15
17
19
20
21
23
24
27
29
30
31
2
3
4
5
7
8
9
11
12
13
15
18
19
20
22
24
27
28
29
30
31
0
1
3
4
6
8
9
10
12
13
14
16
17
18
20
21
24
26
27
28
31
1
2
3
4
6
10
12
16
17
21
23
25
30
1
5
6
7
8
9
10
11
14
19
21
22
23
26
27
29
30
0
3
4
5
6
7
8
9
13
15
18
19
20
21
23
25
28
30
0
2
3
5
8
10
15
16
17
18
19
20
21
22
26
27
28
31
0
1
3
8
9
10
11
12
13
14
22
24
25
28
29
30
31
1
2
4
5
7
9
10
12
13
14
19
20
21
22
23
25
26
29
30
31
0
1
4
5
7
8
12
14
16
17
18
19
23
24
25
26
27
28
29
30
31
0
2
3
6
9
10
11
12
15
17
20
22
23
24
26
27
29
30
31
1
3
4
5
8
12
14
17
18
19
23
27
28
30
31
0
1
3
5
6
7
8
9
10
11
13
14
15
16
17
18
19
20
21
23
25
26
27
31
0
3
4
5
6
7
8
9
12
15
16
17
18
22
25
26
27
28
29
31
1
2
3
4
5
6
10
14
16
17
18
19
20
21
22
24
27
29
30
1
3
4
5
6
9
10
11
16
19
21
22
30
31
