0
10
18
25
38
52
62
71
78
89
100
106
116
126
131
143
151
160
170
180
191
199
208
219
227
237
248
256
267
275
283
295
297
3
4
8
11
14
16
23
25
29
30
6
7
11
15
16
20
25
26
2
10
11
20
24
25
31
0
1
2
3
6
7
11
13
14
18
22
26
30
1
2
3
5
8
10
14
16
19
20
24
26
29
31
4
7
11
19
20
22
24
25
29
31
0
3
5
7
14
15
23
24
31
0
3
12
14
24
25
30
1
2
13
15
17
18
19
20
23
29
30
5
14
16
17
19
21
23
24
27
28
29
2
16
20
21
23
29
4
5
6
12
18
20
21
24
27
31
0
7
10
14
19
21
23
24
26
28
2
15
19
22
28
1
2
6
7
10
15
21
26
28
29
30
31
0
4
6
7
22
24
26
27
4
5
14
16
18
25
26
27
29
6
7
13
15
17
21
22
23
24
30
0
1
13
17
19
20
24
26
27
28
0
4
5
7
10
11
18
20
21
28
29
0
6
8
9
10
11
21
29
7
9
11
12
17
18
24
25
26
0
1
4
8
9
15
17
18
19
24
29
5
10
11
15
20
21
26
28
3
5
8
10
11
12
16
27
30
31
1
3
4
13
16
19
20
24
25
27
31
1
4
8
9
14
18
24
26
0
2
5
8
9
10
15
18
21
23
30
0
6
7
13
22
24
26
29
2
10
13
14
16
22
23
25
1
2
3
14
17
21
22
25
27
28
30
31
9
28
