0
26
51
80
107
133
161
187
214
242
270
297
326
354
379
409
436
463
489
515
539
568
595
624
653
679
708
733
763
789
816
842
868
1
3
4
5
6
8
9
10
11
12
13
14
15
16
17
18
20
22
23
24
25
26
27
28
29
31
0
1
2
3
4
6
8
9
11
12
13
15
16
17
20
21
22
23
24
25
26
28
29
30
31
0
1
2
3
4
5
6
7
8
9
10
11
12
13
14
16
17
18
20
21
23
24
25
26
27
28
29
30
31
0
1
2
3
5
6
7
8
10
12
13
14
15
16
17
18
19
20
21
22
25
26
27
28
29
30
31
1
2
4
5
6
7
8
10
11
12
14
15
16
17
18
19
20
21
22
23
24
26
27
28
29
30
0
2
3
4
5
6
7
8
10
11
12
13
14
15
17
18
19
20
21
22
23
24
25
26
28
29
30
31
0
1
2
3
4
6
7
9
10
11
12
13
14
15
16
18
20
22
23
24
25
26
28
29
30
31
0
1
2
3
4
5
6
7
8
9
11
12
13
14
15
16
17
18
21
22
23
24
26
27
29
30
31
1
2
3
4
5
6
7
8
9
10
11
12
13
14
15
16
17
18
19
21
22
23
26
27
28
29
30
31
0
1
2
3
4
5
6
7
9
10
11
12
13
14
15
17
18
20
21
22
23
24
25
26
27
28
29
30
0
1
2
3
4
5
6
7
8
9
10
11
13
14
15
16
18
19
20
23
24
25
26
27
28
29
31
0
1
2
3
4
5
6
7
8
9
10
11
12
13
14
15
16
17
18
19
22
23
24
25
26
27
28
29
31
0
2
3
4
5
6
7
8
9
10
11
12
13
14
16
17
18
19
20
22
23
24
25
26
27
28
30
31
0
1
2
4
5
7
8
9
10
11
12
13
14
15
17
18
19
20
22
23
25
26
27
28
30
0
1
2
3
4
5
6
7
8
9
10
11
12
14
16
17
18
19
20
21
22
23
24
25
26
27
28
29
30
31
0
1
2
3
5
6
7
8
9
10
11
12
13
14
15
17
18
20
21
23
24
25
26
27
28
29
30
0
1
2
4
5
6
7
8
9
10
11
12
13
14
15
17
18
20
21
22
23
25
26
27
28
30
31
0
1
2
3
4
5
6
7
8
9
10
11
12
13
14
16
17
18
20
22
24
25
26
28
29
31
0
1
2
3
4
5
6
8
9
10
12
13
14
15
17
18
19
20
23
24
25
26
27
29
30
31
0
2
4
5
7
8
10
11
12
13
14
15
16
18
21
22
23
24
25
26
27
28
29
30
0
1
2
4
5
6
8
9
10
11
12
13
14
16
17
18
19
20
21
22
23
24
25
26
27
28
29
30
31
1
2
3
4
6
7
8
9
10
11
12
13
14
15
16
17
18
20
21
22
24
26
27
28
29
30
31
0
1
2
3
4
5
6
7
8
9
10
11
12
14
15
16
18
19
20
21
23
24
25
26
27
28
29
30
31
1
2
3
4
5
6
7
8
9
11
12
13
14
15
16
17
18
19
20
21
23
24
25
26
27
28
29
30
31
0
1
2
3
6
7
8
9
10
11
12
13
14
16
17
18
19
20
21
22
23
24
25
27
28
29
0
1
2
3
4
5
6
7
8
9
10
11
12
13
14
15
16
17
19
20
21
22
24
25
26
27
28
29
30
0
1
4
5
6
7
9
12
13
14
15
16
17
18
19
21
22
23
24
26
27
28
29
30
31
0
1
2
3
4
5
7
8
9
10
11
12
13
14
15
16
17
18
19
20
21
22
23
24
25
27
28
29
30
31
0
1
2
3
4
5
6
7
8
9
12
14
15
16
17
18
19
21
22
23
24
25
26
27
29
30
0
1
2
3
4
6
7
8
9
10
11
12
14
15
16
17
18
20
21
22
23
26
27
28
29
30
31
0
1
2
3
4
5
6
7
8
9
10
12
13
15
17
18
19
20
22
23
24
25
26
27
29
30
0
1
2
3
4
5
6
7
8
9
11
12
14
18
19
20
21
23
24
25
26
27
28
29
30
31
