0
3
10
13
15
21
27
35
41
46
54
59
66
75
80
85
89
99
105
113
120
125
129
132
141
147
160
164
171
178
189
191
199
7
9
29
2
6
10
22
28
29
30
6
19
28
6
13
1
11
12
13
20
30
9
13
15
19
23
29
0
5
16
19
20
28
29
31
0
6
7
22
25
30
3
18
19
26
31
1
3
6
10
11
13
19
27
7
8
21
22
31
1
3
10
15
16
20
29
2
7
10
14
17
21
24
26
29
0
11
13
28
31
3
6
7
16
29
3
4
20
24
5
8
14
15
19
22
23
26
28
29
0
6
21
23
24
28
2
6
7
8
9
11
30
31
1
2
9
13
15
22
23
7
15
18
21
28
3
5
12
20
6
21
30
1
9
13
14
18
20
23
24
25
4
6
12
13
26
29
0
3
4
9
12
14
15
16
17
18
22
23
25
3
17
18
25
4
9
19
20
21
22
24
5
7
8
14
18
24
29
0
1
4
9
11
14
16
17
21
27
31
5
29
5
11
14
16
18
19
20
31
