0
22
49
75
98
120
143
166
185
211
236
263
289
314
340
362
388
413
439
464
489
514
536
559
585
606
631
658
680
707
728
752
780
0
1
2
3
4
5
6
7
10
11
12
16
18
19
21
23
25
26
28
29
30
31
0
1
2
3
5
6
8
9
10
11
12
13
14
15
16
20
21
22
23
24
25
26
27
28
29
30
31
0
3
4
5
7
8
9
10
12
13
15
16
17
18
19
20
21
22
23
24
25
26
27
28
30
31
0
2
4
5
7
10
12
13
14
15
18
19
20
21
22
23
24
25
26
28
29
30
31
1
3
6
7
10
11
12
13
14
15
16
18
19
20
22
23
24
25
26
28
29
30
0
1
3
4
5
6
8
9
10
12
13
14
16
18
19
20
21
23
24
25
26
28
30
0
5
7
8
9
10
12
13
14
15
16
17
19
20
21
22
23
24
26
27
28
29
31
1
2
4
7
8
9
10
12
14
17
18
19
20
21
23
24
25
29
30
0
3
5
6
7
8
9
10
11
12
14
15
16
17
18
19
20
21
22
23
24
25
26
27
30
31
0
1
3
4
7
8
9
10
11
13
14
15
16
18
19
20
21
22
24
25
26
27
28
29
30
0
1
2
3
4
5
6
7
8
10
11
12
13
14
15
16
17
18
19
21
22
23
25
27
28
29
31
0
1
2
3
4
6
7
8
10
11
12
13
17
18
19
20
21
22
23
24
25
26
27
28
30
31
0
2
3
4
5
6
7
8
9
12
13
14
16
18
19
21
22
23
24
25
27
28
29
30
31
0
1
2
3
4
5
6
7
9
10
11
13
14
18
19
20
21
22
23
24
25
26
27
28
29
30
0
1
4
5
7
8
9
10
11
12
13
14
15
17
19
20
21
23
26
27
29
30
0
1
3
4
5
6
8
9
10
12
13
14
15
17
19
20
21
22
23
24
25
27
28
29
30
31
0
1
2
3
4
6
7
10
11
12
14
15
16
18
19
20
21
22
23
25
26
27
28
29
31
0
1
3
4
5
6
7
9
10
11
12
13
14
16
17
19
20
22
23
25
26
27
28
29
30
31
0
2
4
5
6
8
9
11
13
14
15
16
18
19
20
21
22
23
24
25
27
28
29
30
31
0
1
2
3
5
7
8
9
10
12
13
14
15
16
17
18
19
21
23
24
25
26
27
29
31
0
1
2
3
5
6
8
9
10
11
12
13
14
15
16
17
18
19
20
21
22
23
26
28
29
0
2
4
5
9
11
12
13
14
15
16
17
18
19
20
21
23
24
25
27
28
29
0
1
2
5
6
7
8
9
10
11
13
15
16
17
18
20
21
23
24
26
27
28
31
0
1
2
3
4
5
6
7
8
9
10
11
12
15
16
17
18
21
22
23
24
25
27
28
30
31
0
1
2
4
6
7
8
9
12
14
15
17
19
21
22
23
26
28
29
30
31
0
4
5
6
8
9
11
13
14
15
16
17
19
20
21
22
23
24
25
26
27
28
29
30
31
0
1
2
3
4
5
6
7
8
10
11
12
13
14
15
16
17
18
19
20
21
22
27
28
29
30
31
2
3
5
6
7
9
10
12
13
18
19
20
21
22
23
24
25
26
27
29
30
31
0
1
2
3
4
5
6
7
8
9
10
11
12
13
14
15
17
19
20
21
22
23
24
25
26
27
28
0
2
3
5
10
11
12
13
14
15
17
18
19
20
22
23
24
25
29
30
31
0
1
2
3
4
5
6
8
9
11
12
13
14
16
17
18
19
20
21
22
25
26
28
30
0
2
3
4
5
6
7
8
9
10
11
12
14
15
16
17
18
19
21
23
24
25
26
27
28
29
30
31
