0
43
84
127
167
213
258
301
350
385
432
482
524
565
605
650
691
742
782
826
874
916
964
1007
1054
1102
1145
1193
1234
1282
1327
1371
1413
1448
1492
1534
1578
1624
1668
1709
1753
1797
1841
1885
1927
1964
2010
2053
2098
2140
2182
2222
2264
2306
2350
2393
2434
2485
2522
2562
2609
2650
2692
2736
2773
0
1
3
4
5
6
7
8
9
10
11
13
14
16
17
18
19
20
21
22
23
26
27
28
29
33
34
39
40
42
44
45
47
48
49
51
52
53
54
56
57
61
63
1
2
3
5
7
8
9
10
11
13
14
15
18
23
24
25
26
30
31
32
33
35
36
37
38
41
42
43
44
45
46
47
48
49
50
51
53
57
58
59
63
0
1
2
4
5
6
8
10
11
13
14
15
16
19
20
21
22
23
26
27
29
31
33
35
37
38
39
40
41
43
44
45
46
48
49
50
51
53
55
58
60
61
63
1
3
4
5
6
7
8
9
10
11
13
14
15
16
17
19
20
22
23
25
27
28
29
30
31
32
34
36
37
41
44
46
47
50
51
52
54
56
59
62
0
1
2
3
4
5
6
7
10
11
12
14
19
20
22
23
24
25
26
27
28
30
31
32
33
34
35
36
37
38
39
40
42
43
48
50
51
52
53
54
55
57
58
59
60
62
0
1
2
4
5
6
7
8
10
11
12
14
15
16
17
19
20
21
22
23
24
26
28
31
32
33
34
36
37
38
39
41
42
43
50
53
54
55
56
57
58
59
60
62
63
0
1
2
4
6
9
10
11
14
15
16
17
19
20
22
23
24
25
27
28
29
32
34
36
37
38
39
41
42
43
45
46
48
50
51
53
56
57
58
59
60
61
63
0
3
5
6
7
9
10
11
12
13
14
15
16
17
19
20
21
22
23
24
26
27
28
30
31
33
34
35
36
37
38
41
42
43
44
47
48
49
50
51
52
54
56
57
58
59
61
62
63
0
4
6
10
12
15
16
17
19
21
24
26
27
28
32
33
38
39
40
41
46
47
48
49
50
51
52
53
54
55
56
57
58
60
61
0
1
2
4
5
6
7
8
9
11
13
14
15
19
20
21
22
23
26
27
28
29
31
33
34
35
36
37
38
39
41
42
43
46
47
48
50
51
52
54
55
56
57
59
61
62
63
3
4
5
6
7
8
9
11
12
13
15
16
18
19
20
21
22
23
24
26
28
29
30
31
33
34
35
36
37
38
39
40
42
43
45
46
47
48
49
50
51
52
53
54
55
56
57
58
60
63
2
3
5
6
7
9
10
12
13
15
16
17
19
20
23
24
25
26
27
28
29
30
33
34
37
40
41
44
46
47
48
50
51
52
55
56
57
58
60
61
62
63
1
2
3
7
8
9
10
11
13
14
17
18
19
20
21
22
23
26
28
29
30
32
33
35
36
38
39
42
47
48
49
50
52
53
55
56
57
58
59
62
63
0
1
2
4
5
6
9
10
13
15
18
19
20
22
23
24
26
27
28
30
31
32
34
37
40
41
43
44
45
50
51
52
53
54
55
57
58
60
61
62
0
1
2
3
6
7
9
11
12
13
14
15
18
19
20
23
25
26
28
30
32
35
37
38
39
40
41
42
43
44
45
46
47
49
51
52
53
54
55
56
57
58
59
60
62
1
2
4
5
8
11
15
17
18
19
20
21
22
23
25
26
27
28
29
30
31
32
34
35
39
40
42
44
45
46
47
48
50
51
52
53
54
55
57
62
63
0
1
2
3
4
5
6
7
8
10
11
12
13
14
15
16
17
19
20
21
22
23
24
26
29
33
34
35
39
40
41
42
43
44
45
46
47
48
49
50
51
52
53
54
55
56
57
60
61
62
63
1
2
3
4
5
6
7
11
13
14
15
16
19
20
24
26
27
29
30
32
33
34
35
36
37
39
40
41
43
45
47
48
49
52
56
57
58
60
62
63
0
1
2
3
7
8
9
10
11
12
13
17
18
21
23
24
25
26
27
28
29
31
32
33
35
36
37
38
40
42
43
44
45
47
48
49
50
51
52
54
55
56
57
60
0
1
2
4
5
6
7
9
10
11
12
13
14
15
16
17
18
19
20
21
22
25
26
28
31
32
34
35
36
38
39
40
41
42
43
44
47
50
51
52
53
56
58
59
60
61
62
63
0
1
4
5
6
8
9
12
15
16
17
20
21
24
25
26
27
29
31
34
35
37
39
40
41
42
43
46
47
48
49
50
52
55
56
57
58
59
60
61
62
63
0
1
2
3
4
7
8
9
11
13
14
16
17
19
20
22
23
24
25
26
27
28
29
30
32
33
35
37
39
40
41
45
46
47
48
49
50
51
53
54
55
56
58
59
60
61
62
63
0
2
3
5
6
7
8
9
12
13
15
16
18
19
20
21
22
25
27
29
31
32
34
36
37
38
39
40
41
42
43
44
48
49
50
51
52
53
57
59
61
62
63
1
3
4
5
6
7
9
10
12
13
14
15
16
19
20
21
22
23
24
25
26
27
28
29
30
31
34
36
37
38
39
41
42
43
45
49
50
51
52
53
54
55
56
59
60
62
63
0
1
2
3
4
5
6
7
9
10
11
14
15
16
18
19
21
22
23
26
27
28
29
30
31
32
33
34
36
37
38
40
41
42
44
45
46
50
52
53
54
55
56
57
58
59
60
63
0
2
3
4
5
8
9
10
11
12
13
16
17
18
19
20
22
23
24
25
26
27
30
32
33
34
36
37
39
40
42
45
46
50
51
53
54
55
57
58
59
60
61
1
3
4
5
6
7
8
9
10
11
12
13
14
15
16
18
20
24
25
26
27
28
29
30
31
32
33
34
35
36
37
38
40
44
45
46
49
52
53
54
55
56
57
58
59
60
62
63
1
2
3
4
7
8
11
12
14
16
17
18
20
21
22
23
24
26
28
30
31
32
33
34
37
40
41
42
44
46
48
50
51
52
53
54
56
57
60
61
63
0
2
3
4
5
7
10
11
12
13
14
15
16
17
18
19
20
22
24
25
26
29
31
32
33
34
35
39
40
41
42
44
46
47
48
49
51
52
53
55
56
57
58
59
60
61
62
63
0
2
3
4
5
6
7
8
9
10
12
14
17
18
19
22
23
24
26
27
28
29
30
35
36
39
40
41
42
43
44
45
46
47
49
52
53
55
56
57
58
59
61
62
63
0
2
4
5
6
7
9
10
11
14
15
17
18
19
21
22
23
24
25
26
27
28
30
33
35
38
39
42
44
45
46
47
48
49
51
52
53
54
55
56
57
58
59
63
0
1
2
3
5
6
9
10
11
12
13
16
17
18
19
20
21
22
24
25
26
27
28
29
32
33
35
36
37
39
41
43
44
45
46
47
49
56
57
59
61
62
0
1
2
6
7
11
13
14
20
21
26
27
28
31
32
33
35
37
38
39
42
45
47
48
50
51
52
55
56
57
58
59
60
62
63
0
2
3
6
7
8
10
11
12
14
17
19
20
21
22
23
24
25
26
29
30
33
34
35
36
37
38
39
40
41
42
44
46
47
49
50
51
53
56
58
59
61
62
63
1
2
3
4
5
12
14
15
16
19
20
21
22
23
24
25
26
28
29
30
33
34
35
37
39
40
43
45
49
50
52
53
54
55
56
57
58
59
60
61
62
63
0
1
3
4
6
7
8
10
11
12
13
14
15
19
20
21
22
23
24
25
26
29
31
33
34
35
36
37
38
39
41
43
44
46
47
48
49
51
52
56
57
59
60
62
0
2
3
4
6
7
8
9
10
13
16
17
18
19
20
21
22
23
24
27
28
29
31
32
34
35
36
37
40
41
42
43
44
45
47
48
49
50
51
53
54
55
56
58
59
61
1
2
3
4
5
6
7
8
9
11
12
13
14
17
18
19
20
21
26
27
28
29
31
32
33
36
38
39
40
42
43
45
46
47
48
50
51
54
55
57
59
61
62
63
0
1
4
5
6
8
9
10
11
14
21
22
23
26
27
29
30
31
33
34
35
37
38
39
40
41
42
43
44
46
47
48
50
51
52
55
56
57
59
60
62
0
1
2
4
6
7
10
12
13
14
15
17
18
19
20
22
23
26
27
28
29
30
31
33
34
36
40
42
43
47
48
49
50
51
52
55
56
57
58
59
60
61
62
63
2
3
5
7
9
10
12
13
18
19
20
21
22
23
24
26
27
28
29
30
32
34
35
37
38
39
40
41
43
44
45
47
49
50
51
52
53
55
56
57
59
60
61
62
0
1
2
3
4
5
7
9
11
12
13
14
15
16
17
18
19
20
21
22
23
24
25
26
28
29
30
31
32
33
40
41
43
44
45
46
47
49
52
57
59
60
61
62
3
4
5
6
10
11
12
13
14
15
16
18
20
21
22
23
24
25
27
28
29
31
32
33
34
36
37
38
40
42
45
46
47
50
51
52
53
54
55
57
58
59
62
63
0
2
3
5
6
8
10
11
14
15
16
17
18
19
21
22
23
25
30
32
33
34
35
36
37
38
39
42
44
46
48
49
50
51
52
55
56
57
58
60
61
62
2
3
4
8
9
10
12
14
17
19
20
21
22
24
27
31
32
33
35
36
38
40
41
42
44
45
46
47
51
53
54
55
56
57
58
60
62
0
3
4
5
6
7
8
9
11
12
13
14
15
17
18
19
21
23
24
25
26
27
29
31
32
34
36
38
40
43
44
45
46
47
48
49
52
53
54
55
56
58
59
60
61
63
0
1
2
5
6
7
8
9
11
14
15
16
17
18
19
20
21
24
25
26
28
30
32
33
36
37
39
41
42
46
47
48
49
50
51
52
55
56
57
58
59
62
63
0
2
3
5
8
9
10
11
12
15
16
17
18
19
21
22
23
24
25
26
27
29
30
31
32
33
35
36
37
40
41
42
43
44
49
50
51
52
53
55
56
58
59
60
62
0
1
2
3
6
7
8
9
14
17
18
23
24
25
26
27
31
32
34
35
36
38
39
40
41
42
43
44
46
47
48
49
50
51
52
53
55
56
57
58
61
62
1
2
3
5
6
8
9
10
11
12
14
15
16
17
18
20
21
23
25
26
27
29
30
31
32
35
41
42
43
46
47
49
50
51
53
55
56
58
59
60
62
63
1
4
5
6
8
11
12
14
15
16
18
21
22
23
24
25
26
28
29
31
32
34
35
36
39
40
41
42
43
44
45
47
50
52
53
55
56
57
60
61
0
1
2
3
6
7
8
9
11
12
14
15
16
17
19
20
23
25
27
28
30
31
33
34
36
38
39
40
43
45
46
47
48
49
50
52
53
55
56
59
61
62
0
1
3
4
6
7
11
12
13
14
15
16
17
20
21
22
24
26
27
29
30
31
35
36
37
38
40
42
44
45
46
47
48
51
53
55
56
57
58
59
62
63
0
1
2
4
5
6
8
9
10
13
14
15
21
23
24
25
28
29
30
32
33
34
37
38
39
40
41
43
44
47
48
49
51
52
53
54
56
57
58
59
60
61
62
63
0
1
2
3
4
7
11
12
13
14
15
16
17
19
20
21
22
23
24
25
27
28
30
31
32
33
37
38
42
44
46
47
48
49
50
51
52
54
55
56
57
62
63
0
1
3
4
6
7
8
9
10
12
16
18
23
24
25
26
27
28
33
34
35
36
37
38
40
41
42
44
45
46
47
49
50
51
52
53
54
55
58
60
63
0
1
2
4
5
6
8
9
10
11
12
13
14
15
16
17
18
19
20
21
22
23
24
25
26
27
28
29
30
31
32
36
37
38
39
40
42
43
44
46
47
49
50
51
52
53
54
55
57
62
63
0
3
4
5
6
7
9
10
11
18
19
20
21
22
23
28
29
30
31
34
35
38
39
40
43
46
47
48
51
52
53
54
57
58
59
61
63
1
2
3
4
5
6
8
9
10
11
12
14
15
17
18
19
20
22
24
26
27
29
34
35
36
38
39
41
44
45
47
50
52
53
54
56
57
58
59
62
0
1
2
5
7
9
10
11
12
13
14
15
16
17
18
21
22
24
25
26
27
28
29
30
31
32
33
35
36
37
40
41
42
43
45
48
49
50
51
52
54
55
56
58
60
61
63
1
2
3
4
5
6
7
8
9
12
15
21
23
24
26
27
28
30
34
35
36
37
39
42
44
45
46
47
49
50
51
52
53
54
55
56
58
59
61
62
63
0
1
2
4
7
9
11
13
15
17
18
19
21
22
23
24
25
27
29
30
32
33
34
35
37
38
39
41
42
43
45
50
51
53
55
56
57
58
59
60
62
63
1
5
6
7
8
9
11
12
13
14
16
17
19
20
21
22
24
26
28
30
31
32
33
35
38
39
40
41
42
43
44
45
46
47
48
50
52
54
56
57
59
60
62
63
0
2
3
4
5
9
10
12
14
16
19
20
21
23
24
28
30
32
33
34
36
37
38
40
42
46
48
49
51
53
54
55
56
57
59
62
63
