0
30
56
90
119
152
178
204
241
278
306
331
360
390
420
451
479
509
535
561
587
620
652
688
714
741
773
804
832
858
890
921
946
977
1010
1036
1063
1096
1133
1167
1195
1232
1264
1293
1326
1356
1388
1417
1445
1478
1509
1544
1575
1606
1639
1672
1703
1735
1761
1800
1835
1869
1902
1934
1961
1
3
4
7
8
9
11
13
15
16
17
18
20
21
25
26
27
31
37
38
39
44
47
53
54
56
57
58
62
63
4
5
6
8
10
11
13
14
17
18
21
28
30
31
33
34
37
43
47
51
53
55
57
58
60
62
0
1
2
3
5
7
11
17
21
22
23
24
27
28
34
37
38
39
40
41
42
43
47
49
50
51
53
54
55
57
58
59
60
61
2
8
9
11
13
14
15
18
22
23
24
25
26
28
30
32
33
35
36
39
41
42
43
46
47
48
52
55
60
0
1
2
3
8
11
13
14
16
17
18
19
21
25
26
29
31
33
34
36
37
40
42
43
44
45
47
49
51
53
55
62
63
0
2
3
4
5
8
17
18
20
23
24
29
33
34
36
37
38
41
43
44
46
48
50
56
60
63
1
4
5
10
11
17
19
20
21
25
26
27
30
32
33
34
35
40
41
43
45
46
51
52
54
57
2
5
7
9
11
13
15
16
17
18
19
21
23
24
25
26
27
31
32
33
34
35
38
40
41
42
44
46
48
49
51
52
54
57
58
59
63
0
1
3
4
9
10
12
14
17
18
19
21
22
23
24
25
27
30
32
36
38
39
42
43
46
47
49
50
51
52
54
57
58
60
61
62
63
2
3
5
6
9
11
13
14
16
17
20
22
23
25
26
27
30
31
33
35
38
42
45
48
54
58
59
61
2
4
6
15
18
22
23
28
29
30
31
38
40
42
43
48
51
52
53
54
56
57
58
60
63
0
4
7
9
12
13
14
15
17
20
24
26
30
32
33
36
37
41
45
46
47
50
51
55
56
57
58
60
62
5
9
11
13
14
17
21
22
23
25
26
29
30
34
35
36
38
40
41
42
45
47
48
49
50
51
57
59
61
62
0
2
4
8
12
13
14
16
18
19
20
21
22
24
27
28
30
31
33
38
40
41
43
45
47
48
49
51
54
61
0
3
5
9
10
11
16
22
23
25
27
28
29
30
31
32
33
35
39
41
43
45
46
48
51
55
56
57
61
62
63
1
5
8
9
11
14
15
17
18
21
26
30
31
34
35
38
40
41
43
45
47
49
50
51
54
55
58
60
0
2
6
7
8
9
11
15
19
21
23
28
29
30
34
35
37
39
40
46
48
49
50
52
53
57
58
59
61
63
1
6
9
12
13
15
16
19
21
23
24
26
28
31
32
34
42
44
45
49
50
53
57
58
59
60
0
1
6
10
18
21
22
23
25
26
34
37
38
39
40
41
44
45
47
48
49
52
57
58
62
63
0
4
5
7
10
14
15
16
18
20
21
25
27
28
29
30
31
35
41
47
52
55
59
60
61
63
0
2
3
6
9
11
12
13
14
15
18
19
23
25
27
28
30
31
33
37
39
41
43
45
46
50
56
58
59
60
61
62
63
2
4
6
7
9
10
11
12
14
17
18
23
25
29
34
35
37
39
40
41
42
43
44
45
47
52
54
55
56
57
60
61
0
1
2
3
5
6
9
11
13
16
18
22
23
24
25
27
29
31
35
39
41
42
43
45
47
48
50
51
54
55
56
57
58
60
61
62
4
5
8
9
13
17
20
23
26
34
35
37
40
41
44
46
50
51
52
53
54
58
59
61
62
63
0
3
5
9
10
11
14
15
16
17
19
26
27
28
30
33
37
39
40
41
44
45
47
48
49
53
54
0
2
3
8
12
14
15
16
17
21
22
23
27
28
31
32
34
35
37
38
41
43
44
46
47
49
50
51
57
60
61
63
1
4
5
6
11
12
13
14
15
16
22
23
24
26
27
28
30
33
36
42
43
44
45
46
47
49
51
54
55
58
59
1
4
7
10
12
13
14
15
16
17
19
25
27
30
32
38
41
43
45
46
47
53
54
55
56
58
59
63
0
1
5
6
8
14
21
23
25
28
29
33
40
41
44
45
50
51
52
56
57
58
59
61
62
63
1
2
3
5
8
10
12
13
14
15
16
18
19
21
23
27
30
32
33
35
36
39
44
46
48
50
51
54
55
56
60
62
3
4
6
8
10
16
19
20
21
24
25
27
30
32
33
36
38
39
40
41
42
44
45
46
50
52
53
55
57
60
61
1
2
3
8
9
10
11
12
13
14
17
20
24
25
28
30
32
33
37
38
45
47
48
55
57
2
3
7
8
9
10
15
18
21
25
28
33
35
36
37
38
39
41
42
43
46
50
54
55
56
57
58
60
61
62
63
0
1
2
5
8
12
14
16
18
22
23
24
26
30
32
35
37
38
39
41
42
43
45
46
47
48
50
54
55
59
60
61
63
1
2
3
7
9
11
12
13
15
16
17
19
25
29
32
34
35
38
45
49
52
54
55
58
61
63
3
7
8
13
15
16
18
19
20
21
24
25
27
29
34
38
39
40
41
43
47
48
49
53
55
59
63
1
3
4
6
8
9
12
14
17
20
25
27
30
31
32
33
34
35
38
41
42
43
44
46
49
52
53
54
55
56
57
58
61
0
1
2
3
4
7
8
12
13
14
17
19
20
23
25
27
28
30
36
37
38
39
41
44
45
47
48
50
51
54
55
56
57
58
60
61
62
0
1
4
6
7
8
9
10
11
12
18
19
23
24
28
30
32
33
35
36
37
39
40
43
45
46
47
48
50
51
53
54
57
61
4
5
6
9
10
11
12
13
18
23
26
27
28
29
30
31
36
39
42
43
44
46
49
50
52
54
55
62
0
1
2
6
7
8
9
10
11
13
14
15
16
21
22
23
25
28
31
34
35
36
37
38
39
40
44
45
46
48
50
51
52
54
56
59
60
0
1
2
3
6
8
10
12
17
19
24
26
27
30
34
35
39
44
45
46
47
48
50
51
52
54
55
56
59
60
61
62
0
2
3
5
7
10
13
26
28
30
31
33
35
37
38
39
40
42
43
46
47
50
51
52
54
55
58
62
63
0
5
6
7
8
9
10
16
17
19
20
22
24
29
30
31
32
33
34
35
37
39
40
41
42
45
46
47
51
52
53
56
59
0
3
4
8
10
12
15
17
18
22
24
25
26
27
29
30
37
39
44
45
48
50
51
52
53
55
57
58
59
60
0
2
4
6
8
10
13
14
16
17
19
24
25
28
29
30
31
32
34
43
44
47
48
49
50
51
53
55
56
57
58
61
1
2
3
6
8
10
15
18
19
24
25
26
27
29
30
31
32
35
39
40
42
43
45
49
50
52
56
59
62
2
4
5
6
10
12
15
17
18
19
24
25
26
33
35
38
40
41
42
44
45
46
49
50
51
53
57
63
0
1
2
3
7
10
11
14
15
16
18
20
23
25
27
28
32
34
35
36
40
41
42
44
47
48
49
50
53
57
59
61
62
0
1
2
5
6
8
10
11
13
17
18
24
25
31
34
35
41
42
43
46
48
50
51
52
55
57
58
60
61
62
63
1
2
4
7
8
11
13
14
15
16
18
21
22
23
25
26
28
29
31
33
35
36
40
42
43
44
49
50
51
52
53
55
56
57
62
0
1
4
5
7
10
11
13
14
18
21
23
26
28
30
33
37
38
39
40
44
45
48
49
53
54
58
60
61
62
63
2
6
8
11
12
13
14
17
18
20
22
23
26
28
30
32
34
35
36
37
38
41
45
46
49
52
53
56
61
62
63
0
1
3
4
6
8
9
10
12
13
16
17
18
19
20
25
29
30
32
34
42
44
45
46
47
48
50
53
54
55
58
59
63
0
1
3
5
6
7
9
13
14
16
17
18
19
20
21
22
25
26
27
29
31
34
37
42
43
45
47
48
50
56
57
59
63
0
3
7
8
11
12
13
17
19
20
23
24
25
28
33
34
35
47
48
49
50
51
52
54
55
56
57
58
60
62
63
3
5
9
10
12
14
17
18
20
22
23
24
26
27
29
30
31
33
34
36
39
40
42
45
46
51
54
55
57
60
61
63
0
3
7
11
12
13
14
16
19
20
25
26
30
34
37
40
42
43
44
46
50
55
57
59
60
61
1
5
6
7
8
10
11
14
15
16
17
18
21
22
23
26
27
28
29
30
31
33
34
36
38
39
41
42
43
44
45
47
49
55
58
59
60
61
63
0
1
2
3
4
7
8
9
17
20
21
22
23
25
26
27
29
30
31
34
35
36
37
38
40
41
42
45
46
48
51
56
57
62
63
0
1
2
5
7
8
10
12
13
14
15
17
18
19
20
22
26
28
29
30
32
35
36
40
41
42
46
48
51
52
54
55
60
61
0
3
4
5
6
10
11
12
16
17
18
20
22
26
27
28
29
31
33
37
40
41
44
50
51
52
54
55
56
57
59
61
62
0
1
2
4
5
8
11
13
18
19
21
22
24
26
27
29
34
35
38
40
42
45
46
48
49
50
52
55
57
59
60
63
3
5
13
17
18
20
21
25
26
27
28
34
36
39
40
42
44
45
47
48
53
54
56
57
59
61
63
