0
7
13
18
25
34
40
49
60
66
72
76
79
83
94
101
110
117
125
138
144
150
154
162
167
176
183
188
194
198
202
207
211
213
219
226
231
238
246
249
260
264
272
278
284
288
293
298
303
311
318
325
329
337
341
348
357
362
369
373
383
391
397
402
408
18
21
27
29
42
50
63
13
17
19
31
51
59
8
14
39
45
51
3
20
32
35
50
52
57
1
6
15
27
32
48
50
54
59
6
34
37
38
46
59
1
7
35
36
37
40
44
46
56
6
7
16
19
24
26
27
29
42
46
57
0
4
5
9
29
58
12
16
33
43
45
51
6
13
43
47
24
39
45
18
34
51
62
8
13
20
31
34
38
40
49
50
59
60
10
12
22
26
30
43
60
2
6
35
37
40
44
45
61
63
26
27
31
37
43
56
57
0
7
11
12
20
25
49
54
2
10
15
17
21
22
24
25
34
39
45
46
48
2
8
31
45
46
63
0
12
37
38
40
50
5
17
37
46
0
2
19
20
25
30
33
62
0
10
11
30
47
8
14
15
19
29
38
40
44
59
1
2
24
29
35
43
53
15
19
24
39
54
3
16
17
20
27
47
25
36
48
63
1
28
29
54
3
21
40
51
62
13
34
57
61
56
61
21
29
39
47
57
60
14
17
19
38
39
46
62
11
19
33
35
59
1
22
28
29
38
59
63
5
6
8
25
39
40
56
61
10
38
54
2
10
12
21
22
34
40
41
45
52
53
0
26
33
46
2
6
13
17
29
52
54
56
21
26
41
43
44
58
8
14
30
47
59
62
4
11
17
50
16
17
20
35
61
23
35
36
50
61
11
31
37
49
56
3
6
19
24
30
36
46
50
4
6
7
11
16
17
55
2
17
26
34
35
48
56
16
21
23
50
7
25
26
28
36
42
48
57
25
53
54
61
11
13
25
37
42
57
59
12
29
34
35
41
44
46
56
58
5
6
8
48
52
2
11
14
16
20
37
44
1
6
8
38
1
2
8
13
26
33
43
56
57
62
9
16
25
28
36
49
56
63
0
7
17
41
50
62
6
14
24
41
62
22
24
34
37
41
57
