0
14
27
43
51
64
74
83
97
108
124
134
142
155
169
178
194
212
221
236
246
257
271
287
302
317
333
351
361
370
380
391
400
413
432
445
458
472
483
495
504
521
533
544
553
566
580
593
607
616
626
639
652
671
687
699
710
721
734
747
757
767
785
797
812
4
7
8
27
33
44
45
49
51
52
54
55
62
63
0
11
12
21
29
31
40
43
45
56
57
58
60
1
4
7
11
12
14
19
21
24
29
32
34
54
59
61
62
3
9
10
17
29
31
52
55
1
7
10
16
17
18
21
40
42
44
50
54
58
4
11
12
13
42
56
57
60
61
62
2
6
11
12
14
16
27
37
46
4
10
14
16
17
19
37
44
47
48
49
50
53
54
6
14
23
27
29
33
43
44
45
56
63
2
5
9
12
14
20
21
24
29
31
35
44
52
54
58
59
2
3
4
8
15
17
38
47
53
62
6
19
20
28
31
41
61
63
3
9
10
16
19
24
26
31
34
40
43
52
58
1
3
7
10
13
21
28
34
36
41
49
56
57
58
4
16
29
31
39
42
43
46
52
3
4
6
8
13
15
22
29
31
34
35
50
56
57
61
63
2
5
7
12
14
23
24
29
32
35
36
37
40
44
45
51
54
57
7
22
23
27
33
52
54
55
58
0
13
23
24
25
27
33
42
44
50
51
54
56
57
60
4
17
19
28
34
38
42
46
48
57
3
4
6
7
14
18
19
22
34
46
60
1
5
6
7
11
21
26
28
32
33
36
38
41
45
1
3
9
10
13
18
29
30
35
39
42
46
49
50
51
52
1
12
13
17
21
24
34
38
39
40
42
45
46
47
53
0
4
9
12
14
25
27
30
31
35
36
53
56
59
61
13
14
15
22
23
28
35
36
43
44
46
50
52
55
62
63
2
4
5
8
11
16
19
23
29
31
32
33
45
50
51
58
61
63
6
12
18
24
33
34
41
42
59
60
14
21
22
25
27
28
38
60
62
4
7
17
31
39
43
50
51
57
61
1
3
10
17
26
31
33
42
49
55
58
0
13
15
32
42
51
54
55
59
5
9
25
30
34
37
40
47
48
55
56
60
63
0
1
4
6
9
10
19
20
21
28
31
37
40
42
47
49
53
54
57
2
8
20
26
29
32
37
38
44
48
49
57
62
1
3
15
20
31
33
37
41
48
53
54
58
62
2
14
19
21
31
42
44
45
46
51
52
55
57
60
12
19
20
22
35
36
41
49
53
59
60
3
20
22
25
26
31
35
38
42
45
48
53
1
3
10
11
25
39
42
43
52
3
4
5
9
10
14
18
19
23
26
31
38
42
47
56
57
60
4
7
12
14
25
26
40
45
52
57
61
62
6
12
17
25
37
38
40
43
44
61
63
7
14
22
24
41
44
45
58
61
3
11
13
22
25
30
31
40
41
43
46
53
58
2
3
9
14
15
17
18
20
27
29
31
32
37
43
4
5
11
13
30
34
35
36
43
46
57
61
63
0
1
3
9
17
21
24
26
33
39
42
50
59
63
4
7
28
29
36
38
40
41
55
3
4
14
16
23
31
34
44
54
63
0
3
4
5
6
8
9
12
20
26
43
45
46
1
12
17
27
32
36
38
41
42
53
54
55
61
0
1
2
3
14
15
22
24
30
32
34
38
41
42
44
47
58
59
62
0
1
4
5
15
17
20
31
34
36
40
41
59
60
61
63
0
2
3
10
14
17
19
25
42
53
58
60
1
5
7
15
17
24
25
26
33
50
53
3
15
18
23
27
28
36
38
47
48
51
8
10
13
14
15
24
25
30
37
47
53
56
59
0
16
18
25
27
35
37
40
42
44
50
58
60
8
20
21
33
37
38
48
49
52
58
0
8
27
32
33
34
38
40
45
51
3
7
11
12
17
19
32
33
35
38
41
43
44
46
51
55
56
57
1
2
21
22
24
37
38
46
49
52
60
62
9
10
16
18
21
29
32
33
36
40
47
48
55
59
62
