0
20
40
54
74
100
117
136
156
173
191
208
217
238
256
276
297
313
334
354
378
399
421
436
454
482
498
518
536
551
569
588
603
623
637
655
672
693
707
724
740
761
776
799
817
840
855
880
899
916
934
946
962
985
1002
1029
1048
1068
1088
1110
1131
1147
1169
1189
1203
6
13
14
19
20
24
25
29
35
37
40
42
43
45
46
50
52
54
55
57
4
6
8
9
10
12
15
20
21
28
31
36
40
46
47
49
50
51
52
58
0
2
8
14
27
29
34
43
44
46
48
57
59
61
3
5
6
14
18
20
26
27
29
31
37
45
48
49
50
51
53
54
58
60
0
2
5
8
12
13
14
15
21
27
29
30
31
32
36
37
38
39
42
46
47
50
52
59
60
63
2
18
19
26
33
36
38
41
44
46
48
50
51
54
56
57
63
2
3
9
10
13
21
22
23
27
28
29
30
33
43
44
51
55
60
62
3
4
14
15
19
20
27
29
30
33
35
38
40
42
43
51
52
54
60
61
0
2
3
4
6
12
19
21
31
33
41
43
44
47
57
62
63
0
5
6
10
12
16
17
20
22
25
28
31
39
48
55
57
58
61
0
1
9
10
12
14
17
21
23
31
32
40
42
44
47
52
62
1
3
8
23
26
29
31
42
52
0
1
2
4
11
17
21
25
27
28
31
36
37
41
45
48
50
54
58
60
63
1
4
7
11
15
16
23
32
33
37
44
45
46
49
53
56
57
63
6
8
13
16
18
24
26
27
33
37
38
41
44
45
53
56
58
60
61
63
3
4
8
9
16
20
22
27
30
31
33
35
39
40
41
46
47
49
51
56
60
11
12
16
21
24
26
30
32
33
40
47
50
51
54
56
61
0
4
5
6
10
12
17
26
27
28
29
30
37
39
41
42
51
52
54
60
62
3
5
14
16
18
20
21
24
28
30
46
47
49
51
55
56
57
58
62
63
0
1
5
6
8
11
20
21
22
24
32
33
34
35
38
40
44
45
46
49
53
55
59
63
3
7
15
16
20
21
22
23
24
25
29
31
38
39
41
43
51
52
53
58
59
0
4
5
7
9
11
12
14
17
18
23
30
31
34
35
42
44
52
55
56
59
63
1
8
10
21
23
34
35
36
37
41
43
47
51
52
53
4
5
9
12
17
20
21
24
25
35
39
44
55
56
57
58
62
63
0
2
3
6
7
13
18
19
21
25
29
30
35
36
37
38
39
42
46
47
49
50
51
53
56
60
62
63
1
2
10
12
13
17
18
19
25
32
36
43
44
47
50
51
1
2
5
6
7
8
10
12
14
18
23
28
30
32
36
40
44
47
56
61
2
3
5
7
10
15
17
18
29
34
35
36
40
42
43
44
51
55
4
11
14
15
26
27
28
30
36
41
42
46
48
54
58
2
6
7
9
13
14
15
19
22
24
27
35
37
44
50
51
54
63
3
5
9
11
14
15
24
26
32
33
37
38
41
43
46
50
54
55
60
0
7
12
19
26
31
34
37
38
43
49
52
55
60
63
1
2
3
4
6
10
11
26
28
29
30
32
34
37
39
42
45
56
57
59
4
11
16
22
24
28
31
32
35
36
38
56
61
63
0
6
8
18
26
28
32
34
35
37
38
41
42
45
50
55
57
61
5
15
21
22
23
28
30
32
33
39
41
44
50
52
56
59
62
2
4
10
11
16
22
28
30
36
43
44
45
50
51
52
53
57
58
59
60
62
4
7
10
14
15
16
17
20
34
39
43
47
54
57
0
1
4
9
11
16
21
30
36
38
40
44
47
50
53
59
62
1
4
6
18
26
30
31
33
34
39
41
44
45
49
51
55
2
3
4
6
7
8
11
12
18
24
30
36
40
44
49
53
54
57
61
62
63
2
3
5
6
7
23
26
30
32
35
39
41
44
56
63
0
3
4
7
16
18
22
23
24
25
33
34
35
36
38
40
44
45
46
53
56
61
62
1
2
4
7
11
12
13
21
31
34
36
38
41
48
50
53
59
60
1
4
9
11
17
18
20
21
22
24
25
27
32
34
35
43
45
48
49
50
56
58
62
1
2
10
15
16
17
18
22
26
28
29
37
51
54
61
7
8
11
13
16
17
22
23
24
26
27
28
31
34
39
41
42
46
49
50
54
55
58
59
61
1
6
11
12
17
21
23
24
31
34
37
38
40
45
46
48
49
50
62
6
17
18
20
23
24
26
29
31
34
42
44
46
47
52
61
62
2
8
10
11
12
13
18
22
24
27
29
32
35
39
45
50
60
61
3
9
15
17
19
26
35
39
41
45
47
53
5
7
9
14
16
19
21
22
24
30
35
37
48
50
54
58
1
5
9
12
15
16
19
25
31
32
34
36
37
38
41
44
46
49
50
53
56
59
63
5
8
9
10
13
14
22
26
28
29
40
44
45
47
50
58
60
5
6
9
12
14
15
16
19
27
28
31
32
36
41
42
43
46
47
48
49
50
54
56
57
58
62
63
1
3
12
13
14
16
18
23
26
33
34
37
41
44
49
51
52
60
62
5
6
8
12
28
32
33
34
36
37
38
41
46
49
50
52
55
56
57
60
0
1
2
12
17
21
23
25
26
27
29
32
35
37
41
42
46
50
54
55
3
5
7
8
10
11
14
16
17
18
26
27
28
32
33
37
38
50
51
53
60
61
0
5
6
8
11
13
15
17
18
22
23
25
28
35
36
44
45
53
59
60
61
0
2
3
12
17
23
27
30
40
41
43
47
48
53
54
59
0
1
2
3
11
13
14
15
17
19
28
29
31
34
41
47
48
49
50
53
55
58
0
8
9
10
12
19
23
27
29
32
36
40
41
45
50
51
54
57
59
63
9
16
18
25
29
30
32
35
37
42
45
56
57
63
