0
58
112
166
218
270
324
383
435
492
545
596
652
707
763
816
865
921
977
1031
1084
1138
1195
1249
1300
1356
1410
1468
1522
1581
1634
1689
1738
1793
1843
1898
1954
2012
2067
2116
2173
2230
2290
2345
2400
2452
2512
2569
2624
2678
2734
2790
2835
2891
2943
3001
3059
3109
3166
3222
3279
3338
3399
3451
3506
0
1
2
3
5
6
7
8
9
10
11
12
13
14
15
16
17
18
20
21
22
23
24
25
27
28
29
30
31
32
33
34
35
36
37
38
39
40
41
44
45
46
47
48
49
50
51
52
53
54
56
57
58
59
60
61
62
63
0
1
2
3
4
5
6
7
8
10
11
12
13
14
15
16
18
19
20
21
22
23
24
25
26
27
28
29
30
32
33
34
35
36
37
38
39
40
41
42
45
46
47
48
50
51
52
53
54
55
57
58
60
63
1
2
3
4
5
7
9
10
12
14
15
16
17
18
19
20
23
24
25
26
27
28
29
30
31
32
33
34
35
36
38
39
41
42
43
44
45
46
47
48
49
50
51
52
53
54
55
56
58
59
60
61
62
63
0
1
3
5
6
7
8
9
10
11
12
13
14
15
16
17
18
19
20
21
22
23
24
26
27
28
30
31
32
33
34
35
36
37
39
40
41
42
43
44
45
47
50
51
52
53
54
55
56
59
61
62
0
2
3
4
5
6
8
9
10
12
13
14
15
16
17
18
20
21
23
25
27
28
29
30
31
32
33
34
35
37
38
39
40
41
42
43
44
45
48
49
50
51
52
54
55
56
57
58
59
60
62
63
0
1
2
3
4
5
7
9
10
11
12
13
15
16
18
19
20
21
23
24
25
26
27
28
29
30
31
32
33
34
35
36
37
38
39
40
41
42
43
45
46
47
48
49
51
54
55
56
58
59
60
61
62
63
1
2
3
4
5
6
7
8
9
10
11
12
13
14
15
16
17
18
19
20
21
22
23
24
25
26
27
28
30
31
32
33
34
35
36
37
38
39
40
41
43
44
45
46
47
48
50
51
52
53
54
55
56
57
58
59
60
61
63
0
3
4
5
6
7
8
9
10
12
13
14
15
16
17
18
20
21
22
24
25
26
27
28
29
31
32
33
34
35
36
37
38
39
40
41
42
43
44
47
49
50
51
52
53
54
55
56
57
60
62
63
0
1
2
4
5
6
7
8
9
10
11
12
13
14
15
16
17
18
20
21
22
23
24
25
26
27
28
29
30
31
32
34
35
36
37
39
40
41
42
43
44
45
46
48
50
51
52
53
54
55
56
58
59
60
61
62
63
0
2
3
4
5
6
7
8
9
11
12
13
14
15
16
17
18
19
20
21
22
23
25
26
27
28
29
30
31
32
34
35
36
37
38
39
41
42
43
46
47
48
49
50
52
53
54
55
58
59
60
61
63
1
2
3
4
5
6
7
8
9
10
12
13
17
18
19
21
22
24
25
26
27
28
29
30
31
32
33
34
35
38
41
42
43
44
45
46
47
48
49
50
51
52
54
55
56
57
59
60
61
62
63
2
3
4
5
6
7
8
9
10
11
12
13
15
16
17
18
19
20
22
23
24
25
26
27
28
29
30
31
32
33
35
36
37
38
39
40
41
43
45
46
47
48
49
50
51
52
54
55
56
57
58
59
60
61
62
63
1
2
3
4
5
6
7
8
9
11
12
13
14
16
17
18
19
20
21
22
23
24
26
28
29
31
32
33
34
35
36
37
38
40
41
42
44
45
46
47
48
49
50
51
52
53
54
55
56
57
58
59
60
61
62
0
1
2
3
4
5
6
7
8
9
10
11
12
13
15
16
18
19
20
21
22
24
25
26
29
30
31
33
34
35
36
37
38
39
40
41
42
43
45
46
47
49
50
51
52
53
54
55
56
57
58
59
60
61
62
63
0
1
2
3
5
6
7
8
9
10
11
13
14
16
17
21
22
23
24
25
26
27
28
31
32
33
34
36
37
38
40
41
42
43
44
45
46
47
48
49
50
51
52
53
54
55
56
57
59
60
61
62
63
0
1
2
4
6
7
9
10
11
12
13
14
15
18
19
20
21
22
23
24
25
28
29
31
33
34
35
36
37
38
40
41
42
43
45
46
49
50
51
52
54
55
56
57
58
60
61
62
63
0
1
2
3
4
5
7
8
9
10
11
12
14
15
16
17
18
19
20
21
22
24
25
26
27
29
30
31
32
33
34
35
36
38
39
40
41
42
43
44
45
46
47
48
50
51
54
55
56
57
58
59
60
61
62
63
0
1
2
3
4
6
7
8
9
10
11
12
13
14
15
16
17
18
19
20
21
24
25
29
30
31
32
33
34
35
36
37
38
39
40
41
42
43
44
45
46
47
49
50
51
52
53
54
55
56
57
58
59
61
62
63
1
2
3
4
6
7
8
9
10
12
13
14
15
16
17
18
19
20
21
22
23
24
25
26
27
28
29
30
31
32
33
34
36
37
38
39
42
44
45
46
47
48
49
50
51
52
53
54
55
56
57
59
60
61
0
1
4
5
6
7
8
9
10
11
12
14
15
16
17
19
20
21
22
23
24
25
26
27
28
29
30
31
32
33
34
35
36
37
38
39
40
42
44
45
47
48
49
50
52
53
54
55
57
58
61
62
63
0
1
2
3
4
5
6
7
8
9
10
11
16
17
18
19
20
21
23
24
25
26
27
29
30
31
32
33
34
35
36
37
38
39
40
42
43
44
45
46
47
48
49
50
51
52
53
54
55
57
58
60
61
62
0
1
2
3
4
5
7
8
9
10
11
12
13
14
15
16
17
18
19
20
21
23
24
25
27
28
30
31
32
33
34
35
36
37
39
40
41
42
43
44
45
47
48
49
51
52
53
54
55
56
57
58
59
60
61
62
63
2
4
5
6
7
9
10
11
12
13
16
17
18
19
20
22
23
24
25
26
27
28
29
30
31
32
33
34
35
36
37
39
40
41
42
43
44
45
46
47
48
49
50
51
52
53
54
55
56
57
58
61
62
63
0
1
2
3
4
5
6
7
9
10
11
12
14
15
16
17
18
20
22
23
24
25
26
27
28
29
30
31
32
33
35
38
39
40
41
43
44
47
49
50
51
53
54
55
56
58
59
60
61
62
63
0
1
3
4
5
7
8
9
10
12
13
14
15
16
17
18
19
20
21
22
23
25
26
27
28
29
30
31
32
33
34
35
37
38
39
40
41
42
43
44
45
46
48
49
51
52
53
55
56
57
58
59
60
61
62
63
0
1
2
3
4
5
6
7
9
10
11
12
13
14
15
16
17
18
19
20
21
22
23
24
25
26
27
28
31
33
34
35
36
37
38
39
40
41
43
44
45
46
47
49
50
51
54
55
56
57
58
59
60
63
0
2
3
4
5
6
7
8
9
10
11
12
13
14
15
16
17
18
19
20
21
22
23
24
25
26
27
28
29
30
31
33
34
35
36
37
38
39
40
41
44
45
46
47
48
49
50
52
53
54
55
56
57
58
59
60
62
63
0
1
2
3
4
5
6
7
8
9
10
11
13
14
15
16
17
18
20
21
22
24
29
30
31
32
33
34
35
36
37
38
39
40
41
43
44
45
46
47
48
49
50
51
52
53
54
55
56
57
59
60
61
63
0
1
2
3
4
5
6
7
8
9
10
11
12
13
14
15
17
18
19
20
21
23
24
25
26
28
29
30
31
32
33
34
35
36
37
38
39
40
41
42
43
44
45
46
47
48
49
50
51
52
53
54
55
56
59
60
61
62
63
0
1
2
3
4
6
7
8
9
11
12
13
15
16
17
18
20
21
22
23
24
25
27
28
29
32
33
34
35
36
37
38
39
40
41
42
43
44
47
48
49
50
51
52
53
54
55
56
57
59
60
61
63
1
2
4
5
6
7
8
9
10
11
12
13
14
15
16
17
18
19
21
22
24
25
26
27
28
29
30
31
32
33
34
35
36
37
38
39
40
41
42
43
44
45
46
47
49
50
52
53
54
55
56
57
59
61
62
1
2
6
7
8
9
10
11
12
15
16
17
18
19
20
21
23
24
25
26
27
30
31
32
33
34
35
36
38
40
41
42
45
46
47
48
49
51
53
54
55
56
57
58
59
60
61
62
63
0
1
2
3
4
5
6
8
9
10
11
12
13
14
15
17
19
20
21
22
23
24
25
26
27
29
30
31
33
34
35
37
38
39
40
41
42
43
44
45
47
48
50
52
53
54
55
56
57
58
59
60
61
62
63
0
1
2
3
4
5
6
7
8
10
11
12
13
14
15
16
17
18
19
20
22
23
24
25
28
30
31
32
33
34
35
36
37
41
42
43
44
48
49
50
52
53
54
56
57
58
59
60
62
63
0
1
2
3
4
6
8
9
10
11
12
13
14
15
18
19
20
21
22
23
24
25
26
28
29
30
32
33
34
35
36
37
38
39
40
41
42
43
44
45
47
48
49
50
51
52
53
54
57
58
59
60
61
62
63
0
1
2
3
4
5
6
7
8
9
10
11
13
15
17
18
20
21
22
23
24
25
26
27
29
30
31
32
33
34
35
36
38
39
40
42
43
44
45
46
47
48
49
50
52
53
54
55
56
57
58
59
60
61
62
63
0
1
2
3
4
5
6
7
8
9
10
12
13
14
15
16
17
18
19
20
21
22
23
24
25
26
27
29
30
31
33
34
35
36
37
38
39
40
41
42
43
44
45
46
47
50
51
52
53
54
55
56
57
58
59
61
62
63
0
1
3
5
6
8
9
10
11
12
13
14
15
16
17
18
19
20
21
23
24
25
26
27
29
30
31
32
33
34
35
36
37
38
39
41
42
44
45
47
48
49
50
51
52
53
54
55
56
57
58
59
61
62
63
0
1
2
3
4
5
6
8
9
10
11
13
14
15
16
18
19
20
21
22
23
24
25
26
28
29
31
32
33
35
36
37
38
39
40
42
43
44
45
46
47
48
49
51
53
54
57
59
60
0
1
2
4
5
6
7
9
11
12
13
14
15
16
18
19
20
21
22
23
24
25
26
27
28
29
30
31
32
33
34
35
36
38
39
40
41
42
43
44
45
46
47
48
49
50
51
52
53
54
55
57
58
59
60
61
63
0
1
2
4
5
6
7
8
10
11
12
14
15
16
17
18
19
20
21
23
24
25
26
27
28
29
30
32
33
34
35
37
38
39
40
41
42
43
44
45
46
47
48
49
50
51
52
53
54
55
56
58
59
60
61
62
63
0
1
2
3
4
5
6
8
9
11
12
13
14
15
16
17
18
19
20
21
22
23
24
25
26
27
28
29
30
31
32
33
34
35
36
37
38
39
40
42
43
44
45
46
47
48
49
51
52
53
54
55
56
57
58
59
60
61
62
63
0
1
2
3
4
5
6
7
8
9
10
11
12
13
14
15
16
18
19
21
22
23
24
25
27
28
29
30
31
32
33
34
35
37
38
39
40
42
43
44
45
46
47
48
51
52
54
55
56
57
58
60
61
62
63
0
1
3
4
5
6
7
8
9
10
11
12
13
14
16
17
18
20
21
22
23
24
25
27
28
29
30
32
33
34
35
36
37
38
39
40
41
42
43
44
45
46
47
48
49
50
51
52
53
54
57
58
60
61
63
0
1
2
5
7
9
10
11
12
14
15
16
17
18
19
20
21
22
23
24
25
26
27
29
30
31
32
33
34
35
36
37
38
39
40
42
44
45
48
49
50
52
54
55
56
57
58
59
60
61
62
63
0
1
2
3
5
6
7
8
9
10
11
12
13
14
15
16
17
18
19
20
21
22
23
25
26
27
28
29
31
32
33
34
35
36
37
38
39
40
41
42
43
44
45
46
47
48
49
50
51
52
53
55
56
57
58
59
60
61
62
63
0
1
2
5
6
7
9
10
11
13
14
15
16
17
18
19
20
21
22
23
24
25
26
27
28
29
30
31
32
33
34
35
36
37
38
39
40
41
42
43
45
46
47
48
49
50
51
52
53
54
56
57
59
60
61
62
63
0
1
2
3
4
5
6
8
9
10
11
12
14
15
16
17
18
19
20
21
22
23
25
26
27
28
29
31
32
33
34
35
37
39
40
41
42
43
44
45
47
48
50
51
52
53
55
56
57
58
59
60
61
62
63
0
1
2
3
4
5
6
7
10
12
13
15
16
17
18
19
20
22
23
25
26
27
28
29
30
31
32
33
34
35
36
37
38
39
40
41
42
43
44
47
48
49
50
51
52
53
54
55
57
58
59
61
62
63
0
1
2
3
5
6
7
8
9
10
12
14
15
16
18
19
21
22
23
24
25
26
27
28
29
30
31
32
33
34
35
36
37
38
39
40
41
42
43
44
45
46
47
48
49
50
51
52
53
55
56
57
59
60
61
62
0
1
3
4
5
6
7
8
9
10
11
12
13
14
15
17
18
19
20
21
22
23
24
25
26
27
28
29
32
33
34
35
37
38
39
40
41
42
43
44
48
49
50
51
52
53
54
55
56
57
58
59
60
61
62
63
2
4
5
8
9
10
12
15
16
17
18
20
21
22
23
25
28
29
30
31
32
33
34
35
38
40
41
43
44
47
48
49
50
51
52
53
54
55
56
57
58
59
60
62
63
0
1
2
3
4
5
6
7
8
9
10
11
12
13
14
15
17
18
19
20
21
22
23
25
26
27
28
29
30
31
33
34
35
36
37
38
39
40
41
42
43
45
48
49
50
51
52
53
54
55
56
57
58
60
62
63
0
1
2
3
4
5
6
9
10
12
13
14
15
16
17
18
19
20
21
22
23
24
25
26
27
28
29
32
33
34
35
38
40
41
42
43
44
45
46
47
48
49
50
52
53
54
55
56
58
60
61
62
0
1
2
3
5
6
7
8
9
10
11
12
13
14
15
16
17
18
20
21
22
23
24
25
26
27
28
29
30
31
32
33
34
35
36
37
39
40
41
42
43
44
45
46
47
48
49
51
52
53
54
55
56
57
58
59
60
62
0
1
2
4
5
6
7
8
9
10
11
12
13
14
15
16
17
18
20
21
22
23
24
25
26
27
28
29
30
31
32
33
34
35
36
37
38
39
40
41
42
43
44
45
46
47
48
49
50
52
53
54
55
56
57
59
60
61
0
1
3
4
5
6
7
8
9
10
11
12
13
14
15
16
17
18
19
20
22
23
25
26
29
30
33
34
35
36
37
38
41
42
44
45
46
48
49
51
52
54
55
57
58
59
60
61
62
63
0
3
4
5
6
7
8
9
10
11
12
13
14
15
16
17
18
19
20
21
22
23
25
26
27
28
29
30
31
32
33
34
35
36
37
38
39
40
42
43
46
47
48
49
50
51
52
53
54
55
56
58
59
60
61
62
63
0
1
2
3
4
5
6
7
8
9
11
13
14
15
16
17
19
20
23
24
25
26
27
28
29
30
31
32
33
34
35
36
37
38
40
41
42
43
44
45
46
47
49
51
52
53
54
55
56
57
58
59
60
61
62
63
0
1
2
3
4
5
6
7
8
9
10
11
12
13
15
16
17
18
19
20
21
22
25
26
27
28
29
30
31
32
33
34
35
36
37
38
40
41
42
43
45
46
47
48
49
51
52
53
54
55
56
57
58
59
60
61
63
0
1
3
4
5
6
7
8
9
11
12
13
14
15
16
17
19
20
21
22
23
24
25
26
27
28
29
30
31
32
33
34
35
36
37
38
39
40
41
42
43
44
45
46
48
49
50
51
52
53
54
55
57
58
59
60
61
62
63
0
1
2
3
4
5
6
7
8
9
10
11
12
13
14
15
16
17
18
19
20
21
22
23
24
25
26
27
28
29
30
31
32
33
34
35
36
37
39
40
41
42
43
44
45
46
47
48
49
50
51
54
55
56
57
58
59
60
61
62
63
0
2
3
5
7
8
9
10
11
13
14
15
17
18
19
20
22
23
26
28
29
30
31
32
33
34
35
36
37
38
39
40
42
43
44
45
46
47
48
50
51
52
53
54
55
56
57
58
59
60
61
62
0
1
2
3
4
5
6
7
8
9
10
12
13
14
15
16
17
19
20
21
22
23
24
25
27
29
30
32
33
34
35
37
38
39
40
41
42
43
44
45
47
48
49
50
51
52
54
55
56
57
58
59
60
61
63
