0
50
100
150
193
243
294
347
394
441
489
539
588
639
692
742
790
835
887
939
992
1044
1097
1143
1189
1237
1283
1331
1377
1430
1481
1535
1585
1636
1683
1730
1784
1838
1885
1936
1984
2032
2086
2138
2187
2234
2280
2331
2384
2432
2480
2526
2574
2625
2676
2728
2779
2829
2877
2928
2979
3026
3076
3118
3166
0
1
2
3
4
6
7
10
11
13
15
17
18
19
21
22
23
24
25
26
27
29
30
31
32
34
35
37
38
40
41
42
44
45
46
47
48
49
51
52
53
55
56
57
58
59
60
61
62
63
0
1
2
3
4
5
7
8
9
10
11
13
14
15
16
17
19
20
22
23
27
28
30
31
32
34
35
36
37
38
40
43
44
45
46
47
48
49
50
51
52
53
54
56
57
58
59
60
61
62
0
1
2
4
5
6
7
8
9
10
11
13
14
16
19
20
21
22
23
24
25
27
28
29
30
31
32
33
35
38
40
42
43
44
45
46
47
49
50
51
52
53
54
55
56
58
60
61
62
63
0
1
2
6
8
10
11
12
13
14
15
16
19
20
22
23
25
26
27
30
32
34
35
36
37
38
39
41
44
45
47
48
49
50
51
52
53
54
56
57
60
61
63
0
1
3
4
5
6
8
9
10
11
13
16
19
20
21
22
23
24
26
27
28
29
30
31
32
33
34
35
37
38
39
40
42
44
46
47
48
49
50
51
52
53
54
55
56
58
59
60
61
62
0
1
2
3
4
5
6
7
8
9
10
11
12
13
14
16
19
20
21
23
24
25
26
27
28
30
31
32
33
34
35
36
38
40
41
42
45
46
47
48
49
51
52
54
55
56
57
60
61
62
63
0
1
2
3
4
6
7
8
9
10
11
12
14
15
16
17
18
19
20
21
22
23
24
25
26
27
28
30
32
33
35
36
37
40
42
43
44
45
46
47
48
49
50
51
52
53
54
56
57
59
61
62
63
0
1
3
4
6
7
10
11
12
13
14
15
16
17
18
21
22
24
25
26
27
29
30
31
33
34
35
36
37
38
39
40
41
42
43
44
45
47
48
50
52
53
54
56
58
61
62
0
1
3
4
5
7
9
10
11
13
16
18
19
20
21
22
23
25
26
27
28
30
31
32
33
34
35
37
38
40
41
42
43
44
45
46
47
52
54
55
56
58
59
60
61
62
63
0
1
2
3
4
5
8
9
11
12
13
15
16
17
18
19
20
21
23
25
26
27
28
29
30
33
35
38
41
42
43
44
45
46
47
48
49
50
51
52
53
55
57
58
59
61
62
63
0
1
2
3
5
6
7
10
11
12
13
14
16
18
19
20
21
22
24
25
27
28
29
30
32
34
35
36
38
39
40
41
42
43
44
45
46
47
48
49
52
53
54
55
56
57
58
60
62
63
0
1
3
4
6
7
8
9
10
13
14
15
17
18
19
20
22
23
25
27
28
29
30
32
33
35
36
37
38
42
43
44
45
46
47
49
50
52
53
54
55
56
57
58
59
60
61
62
63
0
1
2
4
5
6
10
11
12
13
15
16
17
18
19
20
22
23
25
27
28
29
30
31
32
33
36
37
38
39
40
41
42
43
45
46
47
48
49
50
51
53
54
56
57
58
59
60
61
62
63
0
1
2
5
6
8
9
10
11
12
13
14
15
16
17
19
20
21
22
24
25
26
27
28
30
32
33
34
35
36
37
38
39
40
43
44
45
46
47
48
49
50
51
53
54
56
57
58
59
60
61
62
63
0
1
2
3
5
6
7
8
9
11
14
16
17
18
19
21
22
23
24
26
27
28
30
31
32
33
34
35
36
39
40
41
42
43
44
45
47
48
50
52
53
54
55
56
57
58
59
61
62
63
0
2
3
5
6
9
10
11
14
15
17
18
19
21
22
23
24
25
26
27
29
31
32
33
34
35
37
39
40
41
42
43
44
45
46
47
48
49
50
51
53
54
55
58
59
60
62
63
0
1
4
5
8
9
13
14
15
16
17
18
19
20
21
23
24
25
26
27
28
29
31
32
33
34
36
39
42
44
45
46
47
49
51
52
53
55
56
57
58
59
60
61
63
0
1
2
3
4
5
6
7
8
10
11
12
13
15
17
18
19
22
23
24
25
26
27
28
29
30
31
32
34
36
37
38
39
40
41
42
44
45
46
49
50
51
52
54
55
57
58
59
60
61
62
63
1
2
3
4
5
6
7
8
9
10
11
12
13
14
15
16
17
19
20
21
22
24
27
28
29
30
31
32
33
34
35
36
37
38
41
42
44
45
46
47
48
49
50
51
53
56
57
59
60
61
62
63
1
3
4
5
6
7
8
9
10
12
13
14
15
16
17
18
21
22
23
24
25
26
27
29
31
32
33
34
35
36
37
38
39
40
41
43
44
45
46
47
48
49
50
51
52
53
56
57
58
59
60
62
63
0
1
2
3
4
5
6
7
8
10
11
12
13
14
15
16
18
19
20
21
22
25
26
27
28
29
30
31
32
35
36
38
39
40
41
42
43
44
45
46
48
49
50
51
53
56
57
58
59
60
62
63
0
2
3
4
5
6
8
9
10
11
12
14
15
16
17
18
19
20
21
23
24
25
26
28
29
32
33
34
36
37
38
40
41
42
43
44
46
47
48
49
50
51
52
53
54
55
56
57
58
59
61
62
63
0
1
2
3
5
8
9
10
11
12
14
15
16
17
19
20
21
24
25
27
28
29
30
31
32
33
34
35
36
37
38
39
40
41
42
45
49
50
51
52
53
56
58
59
62
63
0
1
4
5
7
8
9
10
11
12
13
15
16
17
18
21
22
23
24
25
26
28
30
32
33
34
36
37
38
39
42
43
45
46
47
48
49
51
52
53
55
56
57
60
61
63
1
2
4
5
6
8
9
12
13
15
17
19
20
22
23
24
25
26
28
29
31
32
33
34
35
36
37
38
39
40
41
42
43
44
45
47
48
49
52
53
54
55
56
57
58
60
62
63
1
3
4
5
7
9
10
11
12
13
14
15
16
17
18
20
22
24
25
26
27
28
29
30
33
34
35
36
37
38
39
41
42
45
46
48
49
50
53
55
56
57
58
59
60
62
0
1
2
3
4
5
8
9
10
11
12
13
17
18
19
20
21
22
24
25
26
27
28
29
30
31
32
35
37
38
39
40
41
42
44
45
46
49
50
51
52
53
54
57
58
60
61
62
1
2
3
5
7
8
9
10
13
16
17
18
20
21
24
25
26
27
28
30
31
32
33
34
35
36
38
39
40
43
44
45
46
47
48
51
52
54
55
56
58
59
60
61
62
63
0
1
2
3
4
5
6
7
8
10
11
12
14
15
17
18
19
21
22
23
24
25
26
27
28
30
31
32
33
34
35
38
39
40
41
42
43
44
46
47
49
50
51
52
53
54
56
57
58
59
60
61
62
0
1
3
4
5
7
9
10
11
13
15
16
17
18
19
20
21
22
23
25
26
27
28
29
30
31
32
34
36
37
39
40
41
42
44
45
47
48
49
50
51
52
53
54
55
56
58
60
61
62
63
0
1
2
3
4
5
6
7
8
10
12
13
14
15
16
18
21
22
23
24
27
29
30
31
32
33
34
35
36
37
39
40
41
42
43
44
45
46
48
49
50
51
52
53
54
55
56
57
58
59
60
61
62
63
0
1
3
5
7
9
10
11
12
13
14
15
17
18
20
22
23
24
26
28
29
30
31
32
33
34
35
37
39
40
41
42
43
44
45
47
48
49
51
53
54
55
56
57
58
59
60
61
62
63
0
1
2
3
4
5
6
7
9
11
14
15
16
18
19
20
21
22
23
24
25
26
27
29
30
31
32
33
34
35
36
38
39
40
41
43
44
45
47
48
49
51
52
53
56
57
58
59
60
61
62
2
3
4
6
9
10
11
12
13
14
15
17
18
19
20
21
22
23
24
25
26
27
29
31
33
34
35
36
37
39
40
41
42
43
44
45
46
47
50
53
54
56
57
58
59
60
62
0
1
2
3
4
5
6
7
9
10
11
12
14
15
16
18
20
21
24
27
29
30
31
32
35
36
39
40
41
43
44
45
46
47
48
49
51
53
54
55
56
57
59
60
61
62
63
0
1
2
3
4
5
6
7
8
10
11
12
13
14
16
17
18
19
20
21
22
23
24
26
27
28
31
33
35
36
37
38
39
40
42
44
45
46
47
48
49
50
51
52
53
54
55
57
58
59
60
61
62
63
0
1
2
3
4
5
6
7
8
9
10
11
12
13
14
15
16
17
18
19
21
22
23
24
25
27
28
29
30
31
33
34
35
38
39
40
41
42
43
45
46
47
48
50
51
52
54
55
56
57
59
60
61
63
0
2
4
5
6
7
10
11
14
16
17
18
21
22
23
25
26
27
29
30
31
32
33
34
35
36
37
38
39
40
42
43
44
45
46
47
48
50
53
54
55
56
57
59
61
62
63
0
1
2
3
5
6
7
8
9
10
11
12
13
14
15
16
19
20
21
22
23
24
25
27
28
29
30
31
32
33
35
36
37
38
39
41
45
46
48
50
51
52
53
54
55
56
57
58
60
61
62
0
1
3
4
5
6
7
9
10
11
12
14
15
17
18
19
20
21
23
24
28
29
30
31
32
33
34
35
37
38
39
41
42
43
45
47
48
49
51
52
53
54
56
57
58
59
61
63
1
2
5
6
7
8
9
10
11
12
13
15
16
17
18
19
23
24
25
26
28
31
33
34
35
36
38
40
41
43
44
45
46
47
48
49
51
52
53
54
56
57
58
59
60
61
62
63
0
1
2
3
4
5
6
7
8
9
10
11
12
13
14
15
16
18
19
20
21
22
24
26
27
28
29
30
32
34
35
36
37
38
39
41
42
43
44
45
47
48
49
50
51
52
53
55
56
58
59
61
62
63
0
2
3
4
5
6
7
8
9
10
11
12
13
14
15
16
18
19
20
21
22
23
24
25
27
28
29
30
32
33
35
36
37
38
39
40
41
42
43
44
45
47
50
53
54
55
57
59
60
61
62
63
0
1
2
3
5
8
9
10
12
13
14
15
16
17
21
22
23
25
27
28
29
30
32
33
34
35
37
38
40
41
42
43
44
45
46
48
49
50
51
52
53
54
55
57
58
59
60
61
63
0
1
3
4
5
6
7
8
10
12
14
16
18
21
24
25
26
27
28
30
31
33
34
35
36
37
38
39
40
42
43
44
46
47
48
49
50
52
53
54
57
58
59
60
61
62
63
1
3
4
5
6
7
8
9
10
12
13
14
16
17
18
19
20
21
22
24
25
29
30
31
32
33
34
38
40
42
44
45
46
47
48
49
50
51
53
54
55
57
58
60
61
62
0
1
2
3
4
6
7
8
9
10
12
13
15
16
17
19
20
21
22
24
25
27
28
29
30
32
33
34
35
36
37
38
39
41
42
43
45
47
48
49
51
52
53
54
55
56
58
59
61
62
63
0
2
3
4
5
6
7
8
9
10
11
13
14
15
16
17
18
19
21
24
25
26
27
28
30
31
33
35
37
38
39
41
42
43
44
45
46
47
48
49
50
51
52
53
54
55
56
57
59
60
61
62
63
0
2
7
8
9
10
11
12
13
16
17
18
19
20
21
22
23
24
25
26
27
28
29
30
31
32
33
35
36
38
40
41
42
43
44
46
47
50
51
53
54
55
56
57
59
60
61
63
0
4
5
6
7
8
9
11
13
14
15
16
17
18
19
20
21
22
23
24
25
26
30
31
32
33
34
36
37
38
40
41
42
43
45
46
47
48
51
53
54
55
56
57
59
60
61
62
0
1
3
4
6
7
8
9
10
11
12
13
15
16
17
19
20
23
27
30
31
32
33
35
36
37
38
41
42
43
44
45
46
47
48
50
51
52
53
54
55
56
58
59
61
63
0
1
2
3
4
5
7
8
10
11
12
14
15
16
18
19
20
21
22
23
24
25
26
29
30
32
33
34
35
36
37
39
40
41
43
44
46
47
48
49
52
54
55
56
59
60
62
63
0
1
2
3
4
5
6
7
9
10
12
13
14
15
16
17
18
21
22
23
24
25
26
27
28
29
30
31
32
33
35
36
37
40
41
44
45
47
48
49
51
52
53
54
55
57
58
60
61
62
63
0
2
3
4
5
6
8
9
12
13
14
15
17
18
19
20
21
22
23
24
25
26
27
28
29
30
31
33
35
36
37
38
39
41
42
44
45
46
47
48
50
51
53
54
55
56
57
58
59
60
62
0
1
2
3
4
5
6
7
10
11
12
13
14
15
16
18
19
20
21
22
23
25
27
28
29
30
31
32
34
35
36
38
39
40
41
42
43
45
46
47
49
50
51
53
54
55
57
58
59
60
61
63
1
2
3
4
5
6
7
10
11
12
13
14
16
17
18
20
22
23
24
25
26
27
28
29
30
31
32
33
34
35
36
37
38
39
40
43
44
46
47
48
50
53
55
56
57
58
59
60
61
62
63
0
1
2
5
6
7
8
9
10
11
12
13
14
15
16
17
18
19
21
22
23
24
26
27
29
31
33
35
36
37
38
40
42
44
45
47
48
49
50
52
54
55
56
57
58
59
60
61
62
63
1
2
3
5
6
7
9
11
12
13
14
15
16
17
18
19
20
21
22
25
27
29
30
32
34
35
36
37
38
39
40
41
42
43
44
45
47
48
50
51
53
55
57
58
59
61
62
63
1
2
4
5
7
8
9
10
11
12
13
16
18
19
20
22
23
24
25
26
27
28
29
30
31
32
34
35
36
38
42
43
44
45
46
47
48
49
50
51
52
53
54
56
57
58
59
60
61
62
63
0
1
2
3
4
5
6
7
8
9
11
12
13
14
15
16
17
18
20
22
23
25
26
28
29
30
31
32
33
34
36
38
39
41
42
43
44
45
46
48
49
50
51
52
53
54
55
56
58
59
63
0
1
3
4
5
6
7
9
10
11
12
13
14
15
16
17
18
19
20
21
22
23
24
26
28
29
31
32
35
36
37
38
40
43
45
46
48
49
50
51
53
54
58
59
60
61
63
0
2
3
5
6
7
8
9
10
12
13
14
15
16
17
18
19
20
21
22
23
24
27
28
32
33
34
35
36
38
39
40
41
42
43
44
46
48
49
50
52
53
54
55
56
58
59
61
62
63
0
2
4
5
6
7
8
9
11
12
13
14
16
17
21
22
24
26
27
29
30
31
33
35
37
38
39
40
43
45
46
50
51
54
55
56
57
58
59
60
61
62
1
2
4
5
6
8
9
10
11
12
13
14
15
16
18
19
21
22
23
25
26
27
30
31
33
34
35
36
37
39
40
41
42
43
44
47
48
49
51
52
53
55
56
57
58
59
62
63
