0
13
28
38
47
60
72
85
96
106
119
133
145
156
170
183
196
0
1
2
4
5
6
7
9
10
11
12
13
15
0
1
2
3
4
5
6
7
8
9
10
11
13
14
15
0
1
2
4
6
7
8
9
12
13
1
2
6
7
8
10
11
14
15
1
2
3
4
5
6
8
9
10
11
12
14
15
0
4
5
6
7
8
9
10
12
13
14
15
1
2
3
4
5
7
8
9
10
11
12
14
15
0
1
2
3
4
8
9
10
12
13
14
3
7
8
9
10
11
12
13
14
15
0
1
2
3
4
6
8
9
10
11
12
14
15
0
1
2
3
4
5
6
7
8
10
11
12
13
14
0
1
3
4
6
8
9
10
11
12
13
14
1
2
3
4
5
6
9
11
12
13
14
0
1
2
3
4
5
6
7
8
9
10
11
13
14
0
1
2
5
6
7
8
9
10
11
12
13
14
0
1
2
3
4
5
8
9
11
12
13
14
15
